pc 12
v -5.000000 -5.000000 0.000000
vt 1.000000 0.000000
vn 0.000000 0.000000 -1.000000
v -5.000000 5.000000 0.000000
vt 1.000000 1.000000
vn 0.000000 0.000000 -1.000000
v 5.000000 5.000000 0.000000
vt 0.000000 1.000000
vn 0.000000 0.000000 -1.000000
v 5.000000 5.000000 0.000000
vt 0.000000 1.000000
vn 0.000000 0.000000 -1.000000
v 5.000000 -5.000000 0.000000
vt 0.000000 0.000000
vn 0.000000 0.000000 -1.000000
v -5.000000 -5.000000 0.000000
vt 1.000000 0.000000
vn 0.000000 0.000000 -1.000000
v -5.000000 -5.000000 10.000000
vt 0.000000 0.000000
vn 0.000000 0.000000 1.000000
v 5.000000 -5.000000 10.000000
vt 1.000000 0.000000
vn 0.000000 0.000000 1.000000
v 5.000000 5.000000 10.000000
vt 1.000000 1.000000
vn 0.000000 0.000000 1.000000
v 5.000000 5.000000 10.000000
vt 1.000000 1.000000
vn 0.000000 0.000000 1.000000
v -5.000000 5.000000 10.000000
vt 0.000000 1.000000
vn 0.000000 0.000000 1.000000
v -5.000000 -5.000000 10.000000
vt 0.000000 0.000000
vn 0.000000 0.000000 1.000000
v -5.000000 -5.000000 0.000000
vt 0.000000 0.000000
vn 0.000000 -1.000000 0.000000
v 5.000000 -5.000000 0.000000
vt 1.000000 0.000000
vn 0.000000 -1.000000 0.000000
v 5.000000 -5.000000 10.000000
vt 1.000000 1.000000
vn 0.000000 -1.000000 0.000000
v 5.000000 -5.000000 10.000000
vt 1.000000 1.000000
vn 0.000000 -1.000000 0.000000
v -5.000000 -5.000000 10.000000
vt 0.000000 1.000000
vn 0.000000 -1.000000 0.000000
v -5.000000 -5.000000 0.000000
vt 0.000000 0.000000
vn 0.000000 -1.000000 0.000000
v 5.000000 -5.000000 0.000000
vt 0.000000 0.000000
vn 1.000000 0.000000 0.000000
v 5.000000 5.000000 0.000000
vt 1.000000 0.000000
vn 1.000000 0.000000 0.000000
v 5.000000 5.000000 10.000000
vt 1.000000 1.000000
vn 1.000000 0.000000 0.000000
v 5.000000 5.000000 10.000000
vt 1.000000 1.000000
vn 1.000000 0.000000 0.000000
v 5.000000 -5.000000 10.000000
vt 0.000000 1.000000
vn 1.000000 0.000000 0.000000
v 5.000000 -5.000000 0.000000
vt 0.000000 0.000000
vn 1.000000 0.000000 0.000000
v 5.000000 5.000000 0.000000
vt 0.000000 0.000000
vn 0.000000 1.000000 0.000000
v -5.000000 5.000000 0.000000
vt 1.000000 0.000000
vn 0.000000 1.000000 0.000000
v -5.000000 5.000000 10.000000
vt 1.000000 1.000000
vn 0.000000 1.000000 0.000000
v -5.000000 5.000000 10.000000
vt 1.000000 1.000000
vn 0.000000 1.000000 0.000000
v 5.000000 5.000000 10.000000
vt 0.000000 1.000000
vn 0.000000 1.000000 0.000000
v 5.000000 5.000000 0.000000
vt 0.000000 0.000000
vn 0.000000 1.000000 0.000000
v -5.000000 5.000000 0.000000
vt 0.000000 0.000000
vn -1.000000 0.000000 0.000000
v -5.000000 -5.000000 0.000000
vt 1.000000 0.000000
vn -1.000000 0.000000 0.000000
v -5.000000 -5.000000 10.000000
vt 1.000000 1.000000
vn -1.000000 0.000000 0.000000
v -5.000000 -5.000000 10.000000
vt 1.000000 1.000000
vn -1.000000 0.000000 0.000000
v -5.000000 5.000000 10.000000
vt 0.000000 1.000000
vn -1.000000 0.000000 0.000000
v -5.000000 5.000000 0.000000
vt 0.000000 0.000000
vn -1.000000 0.000000 0.000000

